0
x=27.024140, y=7.437361, m=64.815210, vx=23.557237, vy=0.115970
x=93.423261, y=31.891842, m=98.529008, vx=25.528733, vy=36.002686
x=62.675863, y=0.857570, m=3.485214, vx=85.757012, vy=17.862484
x=44.801172, y=9.146397, m=80.217902, vx=27.298807, vy=48.588519
